# -*- coding: utf-8 -*-
#------------------------------------------------------------------
# data from preprint JINR P1-91-191 (mu2e-docdb-541) Carbon
# (E/A) d^3sigma/dp^3 = (E/A) (1/2pi) d^2sigma/p^2dpd
#
# (rad) (rad) (GeV/c) (GeV/c) [b/(rad GeV/c)]
#------------------------------------------------------------------
#                            10 GeV/c 
#------------------------------------------------------------------
# th_min th_max       ekin     p        x           ex   pmin  pmax  ekmin ekmax
#------------------------------------------------------------------------------
   0.00    0.17       0.189  0.297   23.808      9.083  0.20  0.40   0.1   0.3
   0.00    0.17       0.423  0.545   16.411      4.545  0.40  0.60   0.3   0.5
   0.00    0.17       0.608  0.734    6.719      2.184  0.60  0.80   0.5   0.7
   0.00    0.17       0.802  0.931    5.729      2.029  0.80  1.00   0.7   0.9
   0.00    0.17       0.974  1.105    4.209      1.413  1.00  1.20   0.9   1.1
   0.00    0.17       1.198  1.330    3.060      0.981  1.20  1.40   1.1   1.3
   0.00    0.17       1.361  1.494    2.065      0.663  1.40  1.60   1.3   1.5
   0.00    0.17       1.551  1.685    1.634      0.656  1.60  1.80   1.5   1.7
   0.00    0.17       1.744  1.878    1.485      0.650  1.80  2.00   1.7   1.9
   0.00    0.17       1.947  2.082    0.713      0.311  2.00  2.20   1.9   2.1
   0.00    0.17       2.163  2.298    0.437      0.202  2.20  2.40   2.1   2.3
   0.00    0.17       2.361  2.497    0.328      0.146  2.40  2.60   2.3   2.5
   0.00    0.17       2.546  2.682    0.393      0.184  2.60  2.80   2.5   2.7
   0.00    0.17       2.749  2.885    0.212      0.149  2.80  3.00   2.7   2.9
   0.00    0.17       2.930  3.066    0.078      0.047  3.00  3.20   2.9   3.1
#------------------------------------------------------------------------------
   0.17    0.35       0.185   0.293  185.258     54.204  0.20  0.40   0.1   0.3
   0.17    0.35       0.410   0.532  134.670     41.291  0.40  0.60   0.3   0.5
   0.17    0.35       0.604   0.730   65.363     18.297  0.60  0.80   0.5   0.7
   0.17    0.35       0.785   0.914   37.606     11.121  0.80  1.00   0.7   0.9
   0.17    0.35       0.979   1.110   30.728      8.224  1.00  1.20   0.9   1.1
   0.17    0.35       1.178   1.310   21.407      6.163  1.20  1.40   1.1   1.3
   0.17    0.35       1.359   1.492   13.410      4.448  1.40  1.60   1.3   1.5
   0.17    0.35       1.553   1.687    9.645      3.409  1.60  1.80   1.5   1.7
   0.17    0.35       1.734   1.868    6.791      2.355  1.80  2.00   1.7   1.9
   0.17    0.35       1.919   2.054    6.172      2.523  2.00  2.20   1.9   2.1
   0.17    0.35       2.140   2.275    3.027      1.378  2.20  2.40   2.1   2.3
   0.17    0.35       2.347   2.483    1.469      0.599  2.40  2.60   2.3   2.5
   0.17    0.35       2.554   2.690    1.379      0.601  2.60  2.80   2.5   2.7
   0.17    0.35       2.722   2.858    0.810      0.511  2.80  3.00   2.7   2.9
   0.17    0.35       2.938   3.074    0.752      0.559  3.00  3.20   2.9   3.1
#----------------------------------------------------------------------------
   0.35    0.52       0.168   0.274  208.236     38.242  0.20  0.40   0.1   0.3
   0.35    0.52       0.384   0.505   93.820     15.024  0.40  0.60   0.3   0.5
   0.35    0.52       0.596   0.722   63.310     12.450  0.60  0.80   0.5   0.7
   0.35    0.52       0.799   0.928   31.056      9.873  0.80  1.00   0.7   0.9
   0.35    0.52       0.979   1.110   14.756      4.457  1.00  1.20   0.9   1.1
   0.35    0.52       1.182   1.314    6.791      2.331  1.20  1.40   1.1   1.3
   0.35    0.52       1.346   1.479    4.392      1.772  1.40  1.60   1.3   1.5
   0.35    0.52       1.535   1.669    3.227      1.190  1.60  1.80   1.5   1.7
   0.35    0.52       1.734   1.868    1.307      0.556  1.80  2.00   1.7   1.9
   0.35    0.52       1.906   2.041    1.408      0.558  2.00  2.20   1.9   2.1
   0.35    0.52       2.109   2.244    0.226      0.208  2.20  2.40   2.1   2.3
#----------------------------------------------------------------------------
   0.52    0.70       0.203   0.313  321.995     51.018  0.20  0.40   0.1   0.3
   0.52    0.70       0.374   0.494   87.093     14.728  0.40  0.60   0.3   0.5
   0.52    0.70       0.634   0.761   43.640      5.986  0.60  0.80   0.5   0.7
   0.52    0.70       0.775   0.904   13.128      5.093  0.80  1.00   0.7   0.9
   0.52    0.70       0.978   1.109    8.765      2.912  1.00  1.20   0.9   1.1
   0.52    0.70       1.163   1.295    3.126      1.590  1.20  1.40   1.1   1.3
   0.52    0.70       1.339   1.472    0.810      0.527  1.40  1.60   1.3   1.5
   0.52    0.70       1.524   1.658    1.091      0.632  1.60  1.80   1.5   1.7
   0.52    0.70       1.709   1.843    0.706      0.419  1.80  2.00   1.7   1.9
#------------------------------------------------------------------------------
# different binning in momentum and energy - how to handle that ?
#------------------------------------------------------------------------------
   0.70    0.87       0.009   0.051  238.567     44.965  0.00  0.20   0.0   0.1
   0.70    0.87	      0.203   0.313   91.930     19.939  0.20  0.40   0.1   0.3
   0.70    0.87	      0.336   0.455   30.220      7.510  0.40  0.50   0.3   0.4
   0.70    0.87	      0.490   0.614   25.056      7.732  0.50  0.70   0.4   0.6
   0.70    0.87	      0.657   0.785    7.766      3.159  0.70  0.80   0.6   0.7
   0.70    0.87	      0.795   0.924    4.514      1.678  0.80  1.00   0.7   0.9
   0.70    0.87	      0.939   1.070    1.313      0.771  1.00  1.20   0.9   1.0
   0.70    0.87	      1.160   1.292    0.310      0.244  1.20  1.40   1.0   1.3
   0.70    0.87       1.463   1.597    0.252      0.325  1.40  1.60   1.3   1.6
#------------------------------------------------------------------------------
   0.87    1.05       0.052   0.131  204.960     31.242  0.00  0.20   0.0   0.1
   0.87    1.05	      0.218   0.329   68.609     11.399  0.20  0.40   0.1   0.3
   0.87    1.05	      0.375   0.496   23.665      6.760  0.40  0.60   0.3   0.5
   0.87    1.05	      0.523   0.648   12.746      3.251  0.60  0.70   0.5   0.6
   0.87    1.05	      0.673   0.801    5.450      2.404  0.70  0.90   0.6   0.7
   0.87    1.05	      0.818   0.948    2.330      0.696  0.90  1.00   0.7   0.9
   0.87    1.05	      0.961   1.092    0.421      0.304  1.00  1.20   0.9   1.1
   0.87    1.05	      1.256   1.389    0.259      0.246  1.20  1.40   1.1   1.3
#------------------------------------------------------------------------------
   1.05    1.22       0.049   0.127  157.559     33.756  0.00  0.20   0.0   0.1
   1.05    1.22       0.231   0.344   43.905     12.308  0.20  0.40   0.1   0.3
   1.05    1.22       0.374   0.495   13.171      3.402  0.40  0.60   0.3   0.5
   1.05    1.22       0.549   0.675    9.378      1.824  0.60  0.75   0.5   0.6
   1.05    1.22       0.679   0.807    4.459      1.301  0.75  0.90   0.6   0.8
   1.05    1.22       0.886   1.016    0.342      0.207  0.90  1.10   0.8   1.0
   1.05    1.22       1.101   1.233    0.312      0.208  1.10  1.30   1.0   1.2
#------------------------------------------------------------------------------
   1.22    1.40       0.068   0.154  224.333     30.112  0.00  0.20   0.0   0.1
   1.22    1.40       0.248   0.362   24.824      4.005  0.20  0.40   0.1   0.3        
   1.22    1.40       0.395   0.516    8.297      2.647  0.40  0.60   0.3   0.5       
   1.22    1.40       0.567   0.693    2.613      1.180  0.60  0.80   0.5   0.7
   1.22    1.40       0.711   0.839    0.704      0.507  0.80  1.00   0.7   0.9
#------------------------------------------------------------------------------
   1.40    1.57       0.028   0.093 168.541     40.182   0.0   0.20   0.0   0.1
   1.40    1.57       0.124   0.224  71.417     17.845   0.20  0.30   0.1   0.2       
   1.40    1.57       0.224   0.336  21.012      7.609   0.30  0.40   0.2   0.3       
   1.40    1.57       0.338   0.457   3.804      2.765   0.40  0.50   0.3   0.4       
   1.40    1.57       0.440   0.563   9.002      8.272   0.50  0.60   0.4   0.5
   1.40    1.57       0.544   0.670   2.418      1.404   0.60  0.70   0.5   0.6
#------------------------------------------------------------------------------
   1.57    1.92       0.027   0.091 151.430     27.896   0.00  0.20   0.0   0.1
   1.57    1.92       0.142   0.245  50.389     12.861	 0.20  0.30   0.1   0.2
   1.57    1.92       0.242   0.355   7.823      2.947	 0.30  0.40   0.2   0.3
   1.57    1.92       0.348   0.467   5.567      2.075	 0.40  0.50   0.3   0.4
   1.57    1.92       0.453   0.576   0.548      0.215	 0.50  0.60   0.4   0.5
   1.57    1.92       0.551   0.677   0.674      0.441	 0.60  0.70   0.5   0.6
#------------------------------------------------------------------------------
   1.92    2.27       0.036   0.107 128.134     28.795   0.00  0.20   0.0   0.1
   1.92    2.27       0.150   0.254  27.841      8.637   0.20  0.30   0.1   0.2
   1.92    2.27       0.243   0.356  11.098      4.446   0.30  0.40   0.2   0.3
   1.92    2.27       0.332   0.451   2.334      1.942   0.40  0.50   0.3   0.4
#------------------------------------------------------------------------------
   2.27    3.14       0.045   0.121 103.613     15.107   0.00  0.20   0.0   0.1
   2.27    3.14       0.146   0.249  11.688      4.659   0.20  0.30   0.1   0.2
   2.27    3.14       0.243   0.356   3.335      1.151   0.30  0.40   0.2   0.3
   2.27    3.14       0.344   0.463   1.646      0.577   0.40  0.50   0.3   0.4
   2.27    3.14       0.446   0.569   0.312      0.164   0.50  0.60   0.4   0.5
#------------------------------------------------------------------------------
