Created: 09 Jan 2009

 Double-differential inclusive cross-section d2sigma/dp/dOmega
 [mb/(GeV/c sr)] of the production of protons in p + Be --> p + X 
 with +8.9 GeV/c beam momentum;
 <pT> [GeV/c], <th> [deg], cross-section, stat. err., syst. err.
  
  0.220300004  24.8549099  48.3762016  0.7227  2.24670005
  0.270300001  24.8663673  48.6833992  0.588  2.02200007
  0.329899997  24.9752293  44.7672005  0.554499984  1.65750003
  0.389499992  24.8835564  41.0633011  0.530499995  1.40890002
  0.458900005  24.889286  39.550499  0.450800002  1.2579
  0.548399985  24.872097  34.1430016  0.369599998  1.11140001
  0.656700015  24.9179325  27.8194008  0.305299997  1.05320001
  
  0.270500004  34.9504242  42.7571983  0.54430002  1.64740002
  0.32949999  34.9504242  41.0014992  0.522700012  1.38900006
  0.389200002  34.9676132  38.1048012  0.511600018  1.19700003
  0.458700001  34.933239  33.3949013  0.419499993  1.00039995
  0.548200011  34.8587494  27.8862991  0.33950001  0.870599985
  0.656099975  34.8816681  21.4694996  0.272100002  0.802100003
  0.800700009  34.812912  14.5242004  0.186100006  0.74150002
  
  0.329600006  44.9943771  38.8115005  0.504700005  1.15409994
  0.389499992  45.0058327  36.2046013  0.492599994  0.993300021
  0.458299994  44.9485397  30.1096992  0.398000002  0.862100005
  0.547900021  44.908432  23.8712006  0.321799994  0.779299974
  0.655900002  44.9198875  17.8715992  0.254799992  0.69660002
  0.800599992  44.8339462  11.3845997  0.171399996  0.605799973
  1.03530002  44.6907043  3.95869994  0.0719999969  0.347200006
  
  0.389600009  54.9752998  33.8033981  0.466100007  0.88499999
  0.458499998  54.9409218  28.7695007  0.376399994  0.781000018
  0.547800004  54.9581108  21.0716991  0.299899995  0.738699973
  0.655399978  54.8778954  15.7069998  0.246800005  0.685500026
  0.797800004  54.7976799  8.61660004  0.149800003  0.50849998
  1.03340006  54.6716347  2.38549995  0.0573999994  0.254200011
  
  0.389299989  67.4543152  29.9876003  0.349299997  0.788900018
  0.459399998  67.4084778  26.7653008  0.292400002  0.703299999
  0.546599984  67.2767029  19.6478004  0.234799996  0.69749999
  0.653800011  66.9844971  11.8696003  0.172999993  0.619199991
  0.795400023  66.7094727  5.57940006  0.0992999971  0.421200007
  1.02359998  66.3828888  1.33669996  0.0362999998  0.184
  
  0.458099991  81.9043121  19.0084  0.2456  0.626900017
  0.545700014  81.6235657  12.2306004  0.182500005  0.537199974
  0.652700007  81.4860535  6.03950024  0.125699997  0.409200013
  0.795300007  81.3198929  2.41840005  0.0666999966  0.235799998
  1.02600002  81.4746017  0.559199989  0.0240000002  0.0886999965
  
  0.456800014  96.7725677  10.6504002  0.184200004  0.518000007
  0.5449  96.4631653  6.20970011  0.132400006  0.370400012
  0.652100027  96.3142014  2.57010007  0.0833000019  0.221799999
  0.791700006  95.9990768  0.906400025  0.0414999984  0.1017
  1.01810002  95.8787537  0.190899998  0.0199999996  0.0362000018
  
  0.387800008  113.268021  7.21350002  0.149800003  0.273900002
  0.455799997  113.210732  4.81549978  0.110200003  0.2271
  0.543099999  112.712257  2.2823  0.0732999966  0.184699997
  0.649500012  111.950218  0.750800014  0.0397000015  0.0929000005
  0.791700006  111.69812  0.208399996  0.0199999996  0.0439999998
  1.01180005  111.784058  0.0264999997  0.00999999978  0.0199999996
  
  
 Double-differential inclusive cross-section d2sigma/dp/dOmega
 [mb/(GeV/c sr)] of the production of pi+'s in p + Be --> pi+ + X 
 with +8.9 GeV/c beam momentum;
 <pT> [GeV/c], <th> [deg], cross-section, stat. err., syst. err.
  
  0.115699999  24.7804241  53.9426994  1.04089999  3.97950006
  0.145699993  24.5455112  68.3216019  1.07969999  3.9073
  0.180399999  24.7288589  80.6541977  0.984300017  3.64549994
  0.219999999  24.7288589  83.1120987  0.978299975  3.07669997
  0.269499987  24.7173996  76.5922012  0.757700026  2.44029999
  0.329100013  24.6772919  63.9235992  0.688199997  1.82620001
  0.388700008  24.7116699  51.2234001  0.610099971  1.46080005
  0.457899988  24.6887512  39.6329002  0.462799996  1.34560001
  0.546599984  24.6658325  24.718399  0.313800007  1.18299997
  0.654999971  24.763237  14.2799997  0.207399994  1.02059996
  
  0.115599997  34.7327003  37.1150017  0.840300024  2.54349995
  0.145500004  34.6696739  48.4566002  0.923300028  2.52900004
  0.180399999  34.755619  51.6021996  0.77670002  2.2572
  0.219999999  34.6983223  55.5979996  0.796800017  2.10080004
  0.268999994  34.6696739  51.2011986  0.614799976  1.59990001
  0.328500003  34.73843  43.010601  0.561100006  1.19400001
  0.389099985  34.721241  35.3769989  0.508700013  0.960699975
  0.457500011  34.7097816  27.2141991  0.382400006  0.833100021
  0.546599984  34.7441597  17.2402  0.265500009  0.724699974
  0.654200017  34.5837326  9.97270012  0.176899999  0.624100029
  0.79400003  34.5722733  4.40689993  0.0879999995  0.443599999
  
  0.115599997  44.9313507  28.1616001  0.729499996  1.93739998
  0.145300001  44.8568649  34.6810989  0.760999978  1.83299994
  0.180099994  44.7766495  38.7709007  0.676900029  1.72060001
  0.219600007  44.7308159  40.3764  0.682900012  1.52419996
  0.269199997  44.7308159  36.1102982  0.518899977  1.13680005
  0.3292  44.7766495  29.8535004  0.465299994  0.83950001
  0.389099985  44.6792488  25.0125008  0.431800008  0.694299996
  0.458099991  44.6391411  18.0627995  0.312599987  0.559300005
  0.546599984  44.6334114  11.6534996  0.220200002  0.465299994
  0.654900014  44.6276817  7.10480022  0.1558  0.399599999
  0.795400023  44.5073586  3.18300009  0.0797000006  0.276600003
  
  0.145500004  54.8607063  25.7169991  0.640500009  1.41240001
  0.180000007  54.7804909  30.5424995  0.596300006  1.35749996
  0.219699994  54.8091431  29.3848  0.574400008  1.16489995
  0.269300014  54.7174683  26.2399998  0.438699991  0.842199981
  0.328900009  54.7060089  21.3556004  0.394800007  0.603799999
  0.388599992  54.7804909  15.5743999  0.329899997  0.453799993
  0.457399994  54.6716347  11.9067001  0.251899987  0.394899994
  0.545599997  54.5914154  8.23289967  0.186100006  0.353300005
  0.654200017  54.6659012  4.45130014  0.124799997  0.264999986
  0.792699993  54.3106689  1.96270001  0.0648000017  0.1664
  1.02709997  54.2247238  0.358900011  0.0199999996  0.0496000014
  
  0.145500004  67.0761642  20.4582005  0.456200004  1.13499999
  0.180000007  67.3053513  23.1898994  0.410299987  1.00179994
  0.219400004  67.2480545  21.6476994  0.397500008  0.862699986
  0.268599987  67.0360565  17.3493996  0.292800009  0.548699975
  0.3292  66.8641739  13.6140003  0.255800009  0.386599988
  0.388300002  66.7896881  9.71630001  0.212599993  0.300300002
  0.456699997  66.6521835  7.23559999  0.158999994  0.271299988
  0.545599997  66.6579132  4.68849993  0.1153  0.236599997
  0.653100014  66.3485107  2.51049995  0.0773999989  0.172499999
  0.791899979  66.3771591  0.889500022  0.0346000008  0.0866999999
  1.01030004  65.9990082  0.130799994  0.00999999978  0.0217000004
  
  0.144899994  82.5059204  16.4130001  0.408100009  0.924700022
  0.179900005  82.2194366  17.4705009  0.352400005  0.746100008
  0.2192  82.0017166  15.7230997  0.334100008  0.627099991
  0.268000007  82.013176  11.8316002  0.237399995  0.411300004
  0.328099996  81.8527451  8.09060001  0.196600005  0.258899987
  0.387600005  81.8814011  5.53499985  0.157700002  0.214399993
  0.457700014  81.8928528  4.42509985  0.128299996  0.203799993
  0.543299973  81.8642044  2.39910007  0.0816000029  0.149100006
  0.654100001  81.3141632  1.0582  0.0496000014  0.0882999972
  0.791299999  81.3198929  0.26730001  0.0199999996  0.0322000012
  1.00209999  81.434494  0.0348999985  0.00999999978  0.00999999978
  
  0.145099998  97.4200134  14.3191004  0.372599989  0.787199974
  0.179299995  97.2996902  13.3114996  0.294400007  0.542800009
  0.218999997  97.2366638  11.8497  0.284299999  0.432799995
  0.267500013  96.8986206  7.55189991  0.188600004  0.260600001
  0.328299999  96.7725677  5.24590015  0.159799993  0.198699996
  0.387499988  96.5777664  3.62789989  0.135199994  0.178900003
  0.457300007  96.4287949  2.09680009  0.0861999989  0.136600003
  0.541299999  96.1824188  1.0654  0.0562000014  0.0922000036
  0.649900019  95.9016724  0.348699987  0.0281000007  0.0421999991
  0.787800014  95.5349808  0.0910999998  0.0199999996  0.0199999996
  
  0.144800007  114.918152  11.2016001  0.271699995  0.533100009
  0.178599998  114.001404  9.74810028  0.215499997  0.391000003
  0.218700007  113.703476  7.40129995  0.198100001  0.290399998
  0.266799986  113.600342  4.60379982  0.129999995  0.1866
  0.326999992  113.634712  2.7262001  0.0991000012  0.137899995
  0.386999995  113.23938  1.55490005  0.0742999986  0.104500003
  0.455000013  112.786743  0.699999988  0.0439000018  0.0614
  0.53609997  111.503311  0.221799999  0.0219999999  0.0272000004
  0.654900014  111.182457  0.074500002  0.0199999996  0.0199999996
  
  
 Double-differential inclusive cross-section d2sigma/dp/dOmega
 [mb/(GeV/c sr)] of the production of pi-'s in p + Be --> pi- + X 
 with +8.9 GeV/c beam momentum;
 <pT> [GeV/c], <th> [deg], cross-section, stat. err., syst. err.
  
  0.115800001  24.7173996  52.8777008  0.987800002  3.67059994
  0.145400003  24.763237  68.8587036  1.07319999  3.71600008
  0.180099994  24.6658325  73.9868011  0.918600023  3.23020005
  0.219799995  24.7861538  70.7111969  0.893999994  2.58780003
  0.26910001  24.8090725  63.4416008  0.684599996  1.95109999
  0.328500003  24.8090725  50.1945992  0.602400005  1.37
  0.388900012  24.7918835  39.4799004  0.537299991  1.09640002
  0.457500011  24.7976131  28.5419998  0.39379999  0.933799982
  0.545300007  24.8262596  17.6912994  0.2773  0.765999973
  0.654100001  24.9064751  9.49409962  0.178000003  0.562300026
  
  0.115599997  34.7269707  37.2156982  0.80339998  2.54119992
  0.145400003  34.6754036  43.7252007  0.814999998  2.32909989
  0.180099994  34.721241  51.7421989  0.76910001  2.27999997
  0.219699994  34.6295662  50.0629997  0.740499973  1.84710002
  0.26910001  34.6925926  45.7103004  0.57099998  1.41120005
  0.328799993  34.755619  38.1164017  0.523999989  1.03910005
  0.388900012  34.7269707  30.0849991  0.463099986  0.829200029
  0.457199991  34.6582146  20.5718002  0.327399999  0.657400012
  0.545300007  34.8472939  13.2947998  0.234200001  0.558799982
  0.652899981  34.8071861  7.12869978  0.152700007  0.408600003
  0.792299986  34.9561539  2.79310012  0.0754999965  0.223499998
  
  0.115900002  44.8683243  26.1602001  0.658100009  1.84280002
  0.145099998  44.8339462  32.6850014  0.699899971  1.74129999
  0.179800004  44.9027023  35.7168007  0.634599984  1.57640004
  0.219799995  44.713623  35.2566986  0.611500025  1.32480001
  0.269300014  44.7422714  31.6215992  0.470299989  0.984300017
  0.328599989  44.6849785  27.6604004  0.4454  0.763899982
  0.388700008  44.7766495  20.9438  0.378699988  0.596199989
  0.456999987  44.8339462  14.9787998  0.274199992  0.50029999
  0.545899987  44.7021675  8.98009968  0.184400007  0.398600012
  0.65259999  44.8625946  5.38329983  0.134599999  0.327300012
  0.793299973  44.7651901  1.79260004  0.0577000007  0.151999995
  
  0.145199999  54.8950844  26.9992008  0.621699989  1.50890005
  0.180000007  54.8263283  30.5958004  0.578599989  1.3779
  0.219500005  54.8091431  29.1303997  0.565400004  1.09969997
  0.268700004  54.6716347  24.8213997  0.426499993  0.765900016
  0.328799993  54.8091431  18.6445007  0.355500013  0.524999976
  0.388799995  54.6315231  14.0250998  0.298400015  0.417100012
  0.457399994  54.7461166  9.9989996  0.218999997  0.351099998
  0.545300007  54.6315231  6.11479998  0.150199994  0.283100009
  0.6523  54.7231979  3.33049989  0.1021  0.209900007
  0.792800009  54.4481773  1.35109997  0.0535000004  0.118199997
  1.00750005  54.3450432  0.226500005  0.0199999996  0.0307
  
  0.145300001  67.2308655  21.8211002  0.461899996  1.17879999
  0.179800004  67.2251358  22.6793995  0.394800007  0.946500003
  0.2192  67.3110809  21.0498009  0.380400002  0.761600018
  0.268599987  66.9157333  15.9570999  0.268999994  0.472200006
  0.328799993  66.7553101  12.4799004  0.231700003  0.35589999
  0.389099985  66.8469849  9.44849968  0.201900005  0.301200002
  0.456400007  66.6063461  6.03770018  0.1347  0.237200007
  0.546899974  66.7094727  3.84669995  0.0984999985  0.201299995
  0.651199996  66.520401  1.73099995  0.0584000014  0.122699998
  0.792500019  66.5776901  0.694100022  0.0313000008  0.0680999979
  1.02129996  66.274025  0.0951000005  0.00999999978  0.0199999996
  
  0.145400003  82.3855972  15.3797998  0.366100013  0.864600003
  0.1796  82.5001907  16.8474998  0.324600011  0.691100001
  0.218999997  82.3397675  15.1773996  0.315499991  0.55369997
  0.2676  82.047554  10.9521999  0.218099996  0.332100004
  0.327300012  81.9386902  7.39799976  0.175600007  0.237800002
  0.387800008  81.9616089  4.85470009  0.141100004  0.189799994
  0.457100004  81.5433502  3.58089995  0.106399998  0.1778
  0.543600023  81.4803238  1.81729996  0.065200001  0.1206
  0.649399996  81.2912521  0.965399981  0.0474000014  0.0864000022
  0.781899989  81.4115677  0.249599993  0.0199999996  0.0324000008
  1.03690004  80.4031677  0.0364999995  0.00999999978  0.00999999978
  
  0.145099998  97.5632553  15.0326996  0.363000005  0.828800023
  0.179199994  97.3054199  14.3079004  0.295100003  0.569800019
  0.219099998  96.9960175  11.0237999  0.253600001  0.388500005
  0.267100006  96.8184052  7.65880013  0.182400003  0.249300003
  0.328999996  97.0647812  4.96950006  0.147699997  0.2042
  0.387400001  96.743927  2.90510011  0.1074  0.155000001
  0.454100013  96.5949478  1.87740004  0.0769999996  0.131799996
  0.546000004  96.6579819  0.823099971  0.0465999991  0.0780000016
  0.649200022  95.7240524  0.333099991  0.0264999997  0.0441000015
  0.780499995  96.8470535  0.0837000012  0.0199999996  0.0199999996
  
  0.144800007  114.688957  11.3781996  0.256099999  0.532199979
  0.1787  114.127457  9.10149956  0.186000004  0.323000014
  0.217800006  113.875359  6.71330023  0.173899993  0.2377
  0.265700012  113.416992  3.92280006  0.110399999  0.168599993
  0.326400012  113.66909  2.454  0.0903000012  0.141599998
  0.386599988  113.24511  1.44229996  0.0697999969  0.110399999
  0.453599989  112.546097  0.700100005  0.0419000015  0.0694999993
  0.538900018  111.291321  0.224600002  0.0219000001  0.0305000003
  0.636099994  110.059456  0.0491000004  0.00999999978  0.0199999996
  1.0201  114.127457  0.0377000012  0.0199999996  0.0199999996
  
  
 Double-differential inclusive cross-section d2sigma/dp/dOmega
 [mb/(GeV/c sr)] of the production of protons in pi+ + Be --> p + X 
 with +8.9 GeV/c beam momentum;
 <pT> [GeV/c], <th> [deg], cross-section, stat. err., syst. err.
  
  0.220200002  24.8319912  34.4440002  0.757200003  1.61919999
  0.269499987  25.0955505  36.7677002  0.636500001  1.54330003
  0.3292  25.0096073  32.4748001  0.583899975  1.21800005
  0.389499992  24.9408512  30.6240005  0.564199984  1.05270004
  0.458099991  24.998148  28.1900997  0.467200011  0.898400009
  0.547299981  24.9293919  23.4657993  0.371899992  0.765399992
  0.656499982  24.8778267  19.4172993  0.306199998  0.744000018
  
  0.270300001  34.8931313  32.9006004  0.657199979  1.29770005
  0.32980001  34.9103203  30.8134003  0.562099993  1.06910002
  0.389499992  34.9446945  27.9810009  0.541999996  0.893999994
  0.458799988  34.9045868  25.7226009  0.454899997  0.776899993
  0.547500014  34.8530197  20.8670006  0.360599995  0.647899985
  0.657100022  34.8415642  15.8424997  0.284999996  0.589699984
  0.801900029  34.8301048  10.5289001  0.192100003  0.5352
  
  0.329600006  44.9886436  30.2003002  0.553799987  0.998600006
  0.389400005  44.982914  28.7639999  0.545799971  0.846800029
  0.458999991  45.0172958  23.8698006  0.439500004  0.692700028
  0.548200011  44.9370804  17.9445992  0.344700009  0.58130002
  0.655700028  44.8454056  13.2988997  0.270399988  0.513100028
  0.800199986  44.9027023  8.00909996  0.175899997  0.418000013
  1.03100002  44.6907043  2.74020004  0.0728999972  0.219699994
  
  0.389200002  54.9982185  26.4622002  0.513499975  0.747399986
  0.458400011  54.8435173  20.9398003  0.398699999  0.612800002
  0.547100008  54.9237328  15.8941002  0.322400004  0.55250001
  0.657100022  54.866436  11.2672005  0.258100003  0.483500004
  0.799099982  54.791954  5.74539995  0.149900004  0.32980001
  1.02699995  54.8034096  1.69270003  0.0588000007  0.1514
  
  0.388999999  67.3569183  22.1445007  0.374000013  0.715499997
  0.458099991  67.32827  20.0946007  0.315299988  0.583700001
  0.546800017  67.2022171  14.3172998  0.248400003  0.50999999
  0.655300021  67.1850281  8.68939972  0.182899997  0.442999989
  0.796000004  66.7438507  4.07369995  0.104199998  0.294400007
  1.02600002  66.308403  0.957799971  0.0372000001  0.113600001
  
  0.457199991  81.8584747  14.5197001  0.267399997  0.532999992
  0.544700027  81.7725296  9.33349991  0.197999999  0.415800005
  0.654200017  81.7037811  4.55369997  0.134399995  0.298299998
  0.797699988  81.4803238  1.99890006  0.0744000003  0.176799998
  1.01800001  81.4860535  0.4736  0.0270000007  0.0627999976
  
  0.456200004  96.9387283  8.59980011  0.206100002  0.412999988
  0.544799984  96.743927  5.17040014  0.149800003  0.307500005
  0.650300026  96.6178741  2.26180005  0.0958999991  0.181899995
  0.791800022  96.3886871  0.755200028  0.0463000014  0.0766000003
  1.01769996  95.8271866  0.192499995  0.0199999996  0.0283000004
  
  0.387899995  113.67482  6.69579983  0.180899993  0.235599995
  0.456699997  113.46283  4.45410013  0.131699994  0.203999996
  0.54400003  112.83831  2.2585001  0.0898000002  0.174400002
  0.646700025  112.712257  0.713500023  0.0472999997  0.0846000016
  0.793099999  112.076271  0.222499996  0.0223999992  0.0388999991
  1.01619995  111.640823  0.0331999995  0.00999999978  0.00999999978
  
  
 Double-differential inclusive cross-section d2sigma/dp/dOmega
 [mb/(GeV/c sr)] of the production of pi+'s in pi+ + Be --> pi+ + X 
 with +8.9 GeV/c beam momentum;
 <pT> [GeV/c], <th> [deg], cross-section, stat. err., syst. err.
  
  0.115400001  24.6314545  52.7293015  1.28330004  3.46009994
  0.145400003  24.6199951  68.3900986  1.35169995  3.62989998
  0.180399999  24.6199951  85.3516006  1.26400006  3.80789995
  0.220200002  24.6601028  90.827301  1.27740002  3.47239995
  0.269600004  24.6085377  86.9440994  1.00680006  2.86150002
  0.329100013  24.6830215  78.9726028  0.957700014  2.38389993
  0.388999999  24.585619  65.3135986  0.861100018  1.96930003
  0.458000004  24.5913467  50.8199997  0.659099996  1.77479994
  0.546299994  24.6486435  34.1873016  0.468800008  1.65439999
  0.653199971  24.5111332  20.1462002  0.315800011  1.44430006
  
  0.116099998  34.704052  38.4291992  1.06219995  2.57570004
  0.145899996  34.6983223  49.0169983  1.15939999  2.54819989
  0.180399999  34.6582146  54.2538986  0.993099988  2.35719991
  0.220100001  34.6925926  59.1775017  1.02760005  2.20659995
  0.269600004  34.6868668  55.3876991  0.799700022  1.76890004
  0.329299986  34.6410294  49.514801  0.751399994  1.40869999
  0.388799995  34.5493546  41.0387993  0.682900012  1.1401
  0.457700014  34.6754036  30.9974995  0.510900021  0.966199994
  0.545799971  34.5665398  20.8887997  0.366400003  0.886500001
  0.655399978  34.5722733  12.1015997  0.246000007  0.760699987
  0.795799971  34.4404945  5.44140005  0.125799999  0.549099982
  
  0.115999997  44.8167572  27.2322998  0.893100023  1.88510001
  0.145400003  44.9657249  34.4333992  0.949100018  1.80219996
  0.180099994  44.7365417  40.2514992  0.863300025  1.75660002
  0.219799995  44.7422714  41.1341019  0.861400008  1.54830003
  0.268900007  44.7995682  37.5909996  0.661800027  1.20879996
  0.3292  44.6563301  31.4748001  0.596199989  0.907599986
  0.389200002  44.6276817  26.2502995  0.55250001  0.747099996
  0.458400011  44.6104927  19.5398998  0.406199992  0.618900001
  0.544700027  44.6391411  13.1714001  0.292800009  0.532999992
  0.654200017  44.4271469  7.69029999  0.202900007  0.435200006
  0.793099999  44.495903  3.71670008  0.109899998  0.324299991
  
  0.145799994  54.7976799  26.5678005  0.811800003  1.47319996
  0.180099994  54.8205986  29.7408009  0.737200022  1.30649996
  0.219600007  54.7346535  29.1735992  0.716600001  1.09060001
  0.269199997  54.7117386  27.1653996  0.558000028  0.862900019
  0.328700006  54.6429825  22.6791  0.5079  0.656400025
  0.388399988  54.5971451  16.4202003  0.421600014  0.49000001
  0.456999987  54.6830902  13.1078997  0.330000013  0.444999993
  0.547100008  54.6086082  8.34710026  0.234300002  0.363499999
  0.654100001  54.5226631  5.25939989  0.170399994  0.311800003
  0.791400015  54.4424477  2.27970004  0.0885000005  0.193599999
  1.01180005  54.3450432  0.380100012  0.0199999996  0.0562000014
  
  0.145500004  67.4256744  19.9167995  0.563300014  1.14260006
  0.180099994  67.2079468  21.9768009  0.498699993  0.965600014
  0.219400004  66.9272003  21.7402  0.498100013  0.798200011
  0.268999994  67.1563797  18.4726009  0.377299994  0.573400021
  0.328700006  66.7724991  14.1431999  0.325399995  0.41139999
  0.389299989  66.703743  10.8947001  0.280600011  0.344199985
  0.456999987  66.7381287  7.65339994  0.203999996  0.297500014
  0.545099974  66.5719681  5.50110006  0.156000003  0.278899997
  0.653599977  66.325592  2.95289993  0.105499998  0.203799993
  0.79430002  66.1766205  1.03269994  0.0467999987  0.102799997
  1.02110004  65.7239838  0.159400001  0.0199999996  0.0269000009
  
  0.145699993  82.5746765  16.1905003  0.505500019  0.995700002
  0.179900005  82.1793289  17.3719997  0.439599991  0.805299997
  0.218899995  82.1965256  16.3278008  0.425999999  0.586899996
  0.26789999  81.9444199  11.5383997  0.293300003  0.352899998
  0.328200012  82.064743  8.71920013  0.255299985  0.272799999
  0.389299989  81.8699341  5.93340015  0.203500003  0.218600005
  0.458299994  81.8412933  4.88030005  0.167999998  0.225799993
  0.546000004  81.7610779  2.80369997  0.109999999  0.1734
  0.653400004  81.6579437  1.29700005  0.0684999973  0.108499996
  0.78490001  81.021965  0.425099999  0.0289999992  0.0544999987
  1.00670004  81.2339478  0.0458000004  0.00999999978  0.00999999978
  
  0.145300001  97.1278  13.7863998  0.455900013  0.845200002
  0.179100007  97.3111496  12.9243002  0.362699986  0.603399992
  0.2192  97.156456  11.6023998  0.351799995  0.419800013
  0.267100006  97.0132141  8.26930046  0.246999994  0.270200014
  0.328200012  96.927269  5.50299978  0.203899994  0.208399996
  0.388500005  97.0934219  4.22559977  0.181700006  0.208299994
  0.456699997  96.6522522  2.3664  0.114  0.153200001
  0.538500011  96.056366  1.34239995  0.0784000009  0.117700003
  0.651600003  96.3142014  0.44569999  0.0397000015  0.0546000004
  0.793600023  95.5292511  0.0956000015  0.0199999996  0.0199999996
  
  0.145099998  114.774902  10.5290003  0.32949999  0.657800019
  0.179399997  114.494148  9.67949963  0.26789999  0.482300013
  0.218799993  114.041512  7.55800009  0.249599993  0.274399996
  0.266600013  113.525856  5.02729988  0.169799998  0.187800005
  0.327499986  113.709198  2.85630012  0.126499996  0.145199999
  0.387199998  113.606071  1.70879996  0.0969000012  0.115999997
  0.45660001  112.357018  0.942200005  0.063500002  0.0838000029
  0.541100025  111.944489  0.313300014  0.0324000008  0.0373000018
  0.650300026  111.91011  0.115599997  0.0199999996  0.0199999996
  
  
 Double-differential inclusive cross-section d2sigma/dp/dOmega
 [mb/(GeV/c sr)] of the production of pi-'s in pi+ + Be --> pi- + X 
 with +8.9 GeV/c beam momentum;
 <pT> [GeV/c], <th> [deg], cross-section, stat. err., syst. err.
  
  0.115999997  24.7976131  46.2518997  1.15030003  3.10380006
  0.145500004  24.6486435  61.2448997  1.25730002  3.17409992
  0.180299997  24.6601028  65.325798  1.07389998  2.8900001
  0.219999999  24.6085377  70.0198975  1.10309994  2.6098001
  0.269300014  24.6830215  63.5685997  0.851000011  2.0309999
  0.328799993  24.6658325  51.6470985  0.75910002  1.4483
  0.388099998  24.7116699  42.1086006  0.690199971  1.19599998
  0.457399994  24.6543732  31.1012001  0.510800004  1.03330004
  0.545700014  24.6601028  19.6308994  0.363299996  0.856899977
  0.6523  24.5569706  10.2052002  0.228599995  0.60769999
  
  0.115699999  34.8186455  33.4196014  0.944199979  2.32859993
  0.145400003  34.6066475  36.4192009  0.920799971  1.93350005
  0.180199996  34.6352959  43.9099007  0.877200007  1.94500005
  0.219999999  34.5780029  44.8527985  0.871999979  1.69050002
  0.269600004  34.6639481  42.4888  0.685000002  1.34790003
  0.329100013  34.6696739  35.0634003  0.624899983  0.986299992
  0.388799995  34.646759  28.7357006  0.56370002  0.813899994
  0.458400011  34.704052  19.8759995  0.401499987  0.648000002
  0.545700014  34.7728081  12.8884001  0.287200004  0.549000025
  0.651600003  34.8014565  6.86789989  0.186900005  0.411599994
  0.793299973  34.7327003  2.88750005  0.0954999998  0.243000001
  
  0.115500003  44.6907043  22.3246002  0.755100012  1.63469994
  0.145099998  44.8396759  26.8092995  0.788999975  1.47739995
  0.180399999  44.6849785  30.0387993  0.722000003  1.34689999
  0.219999999  44.7365417  29.5291996  0.697099984  1.1365
  0.269899994  44.6505966  27.4969006  0.54610002  0.878899992
  0.329400003  44.7537308  24.2968998  0.520600021  0.694400012
  0.389099985  44.7823792  18.8889999  0.448500007  0.556999981
  0.457700014  44.713623  13.5895004  0.325100005  0.467200011
  0.544499993  44.8625946  8.19419956  0.219899997  0.382699996
  0.652400017  44.7021675  4.95170021  0.160799995  0.320199996
  0.796899974  44.7308159  1.73800004  0.0710000023  0.162699997
  
  0.145300001  54.8950844  20.7159004  0.678200006  1.33609998
  0.180500001  54.7804909  23.2532997  0.628099978  1.06719995
  0.219600007  54.7002792  24.0695992  0.638700008  0.916400015
  0.268999994  54.7747612  20.7735996  0.486200005  0.660399973
  0.32949999  54.5742264  16.2696991  0.413399994  0.486699998
  0.388300002  54.7174683  11.6595001  0.339399993  0.361900002
  0.457100004  54.6601715  9.0703001  0.2597  0.365700006
  0.545899987  54.7804909  5.79300022  0.182600006  0.301600009
  0.652700007  54.648716  2.94350004  0.119599998  0.197400004
  0.792500019  54.5627708  1.29439998  0.065200001  0.123599999
  1.01960003  54.3565063  0.203700006  0.0199999996  0.0306000002
  
  0.145300001  67.2022171  16.2971001  0.497500002  0.981400013
  0.179800004  67.3970261  17.3994999  0.430900007  0.813799977
  0.219899997  67.1621094  16.2233009  0.415800005  0.583700001
  0.268900007  66.9844971  13.8556004  0.31189999  0.424400002
  0.328799993  66.93293  10.0813999  0.260100007  0.31220001
  0.388399988  66.7954178  8.0763998  0.232600003  0.318300009
  0.458000004  66.6808243  5.41069984  0.158899993  0.245700002
  0.545899987  66.7266617  3.2335999  0.1127  0.188999996
  0.654100001  66.2453842  1.60150003  0.0700000003  0.116499998
  0.790499985  66.3714294  0.736500025  0.0401999988  0.0764999986
  1.01740003  66.1995468  0.115800001  0.00999999978  0.0199999996
  
  0.144899994  82.2824707  11.2915001  0.390399992  0.784500003
  0.179900005  82.3454895  12.3697996  0.346500009  0.654699981
  0.219500005  82.3512192  11.2924995  0.338499993  0.480399996
  0.26789999  81.9845276  8.65989971  0.241699994  0.287200004
  0.328099996  81.8412933  5.91139984  0.195899993  0.239500001
  0.388300002  81.9959869  4.51179981  0.169799998  0.203899994
  0.455500007  81.6407547  3.28719997  0.127200007  0.184699997
  0.54339999  81.2912521  1.78509998  0.0804999992  0.134100005
  0.651600003  81.2339478  0.883000016  0.056400001  0.0797000006
  0.786499977  80.993309  0.298099995  0.0244999994  0.0377999991
  1.00399995  81.4172974  0.0416000001  0.00999999978  0.00999999978
  
  0.145199999  97.2939606  10.6346998  0.381700009  0.767199993
  0.179199994  97.0647812  10.1891003  0.310600013  0.6329
  0.219300002  96.9501877  7.74420023  0.264800012  0.42899999
  0.267399997  97.0189438  6.14769983  0.203600004  0.26820001
  0.328200012  97.0132141  4.3744998  0.172999993  0.192699999
  0.388300002  96.6923523  2.61139989  0.127100006  0.163699999
  0.456699997  96.7611084  1.65240002  0.0898000002  0.118600003
  0.542599976  96.6579819  0.890699983  0.0604999997  0.0866999999
  0.649200022  95.7928162  0.381599993  0.0353000015  0.0494000018
  0.791199982  96.1595078  0.0675000027  0.0199999996  0.0199999996
  
  0.144600004  114.878044  8.60620022  0.278299987  0.717700005
  0.1787  113.955566  6.45160007  0.195700005  0.440600008
  0.218400002  113.554504  5.65490007  0.199599996  0.282400012
  0.26730001  113.812332  3.37849998  0.127599999  0.162799999
  0.326499999  113.250839  2.2032001  0.106700003  0.1338
  0.390199989  112.866951  1.27470005  0.0820000023  0.100599997
  0.454299986  113.628983  0.7403  0.0535999984  0.074000001
  0.539600015  111.864273  0.242400005  0.0284000002  0.0320000015
  0.655600011  111.165268  0.0923999995  0.0199999996  0.0199999996
  
  
 Double-differential inclusive cross-section d2sigma/dp/dOmega
 [mb/(GeV/c sr)] of the production of protons in pi- + Be --> p + X 
 with -8.0 GeV/c beam momentum;
 <pT> [GeV/c], <th> [deg], cross-section, stat. err., syst. err.
  
  0.220699996  25.0554428  28.4605007  1.0187  1.38590002
  0.269300014  25.0325241  26.7071991  0.7852  1.15110004
  0.32949999  24.8778267  27.1259003  0.791299999  1.05700004
  0.388700008  24.9523106  24.9195004  0.756699979  0.889299989
  0.459100008  24.9752293  22.2838993  0.601899981  0.7324
  0.546700001  24.9122047  19.5529003  0.502499998  0.651899993
  0.657800019  24.9064751  14.5531998  0.395300001  0.569999993
  
  0.270799994  35.0306396  26.3533001  0.768100023  1.07379997
  0.329600006  34.9389648  25.0618992  0.74879998  0.931200027
  0.388700008  35.0191765  23.2847996  0.73269999  0.792800009
  0.458799988  35.02491  17.7273998  0.546700001  0.568599999
  0.547500014  34.8071861  16.5471001  0.478399992  0.539600015
  0.655600011  34.8301048  12.4973001  0.380199999  0.487199992
  0.801299989  34.8644829  7.74469995  0.240099996  0.400700003
  
  0.329299986  45.034481  24.3495998  0.726999998  0.824800014
  0.389200002  44.9428062  20.6217995  0.666899979  0.62529999
  0.457300007  44.9599953  18.6084003  0.557299972  0.571200013
  0.546899974  44.7766495  14.1196003  0.451200008  0.474999994
  0.656499982  44.9027023  9.23799992  0.332599998  0.373299986
  0.798600018  44.9771881  6.23409986  0.229599997  0.340900004
  1.04639995  44.925621  1.78419995  0.0873999968  0.146400005
  
  0.389299989  54.9008141  20.6728001  0.665600002  0.647800028
  0.457800001  55.0154076  16.7049999  0.520099998  0.529600024
  0.547800004  54.9695702  12.5492001  0.425700009  0.460099995
  0.654699981  54.883625  8.67809963  0.332100004  0.384600013
  0.799899995  55.0497818  4.79309988  0.203600004  0.284399986
  1.04449999  54.8721657  1.36899996  0.0785999969  0.131799996
  
  0.388700008  67.54599  18.2343006  0.498899996  0.614099979
  0.458200008  67.4314041  16.1313  0.418500006  0.473399997
  0.546400011  67.3683701  11.5537004  0.330500007  0.428900003
  0.653999984  67.2365952  6.81939983  0.237399995  0.364499986
  0.796899974  67.2136765  3.50349998  0.1461  0.265599996
  1.03760004  66.7323914  0.782199979  0.0493000001  0.0979000032
  
  0.458499998  81.7496185  10.9455996  0.336199999  0.419999987
  0.546400011  81.6980515  7.54220009  0.261999995  0.344399989
  0.655099988  81.7381592  3.87730002  0.182799995  0.268599987
  0.795599997  81.6808624  1.68519998  0.101800002  0.154599994
  1.02400005  81.7438889  0.439599991  0.0381999984  0.0617999993
  
  0.457300007  96.5834961  6.7810998  0.268999994  0.343899995
  0.5449  96.7038193  4.23190022  0.200200006  0.257699996
  0.656899989  96.5090027  2.04469991  0.135299996  0.169599995
  0.795300007  96.5892181  0.792299986  0.0693999976  0.0846000016
  1.01800001  96.085022  0.227699995  0.0285999998  0.0342000015
  
  0.388300002  113.62326  4.91069984  0.228599995  0.1919
  0.455599993  113.617531  3.32089996  0.164299995  0.160699993
  0.541199982  112.964355  1.88160002  0.120399997  0.150600001
  0.653999984  113.227913  0.791499972  0.0741999969  0.0984999985
  0.791999996  111.904381  0.289600015  0.0377000012  0.0515000001
  1.03470004  111.824165  0.0544000007  0.0199999996  0.0199999996
  
  
 Double-differential inclusive cross-section d2sigma/dp/dOmega
 [mb/(GeV/c sr)] of the production of pi+'s in pi- + Be --> pi+ + X 
 with -8.0 GeV/c beam momentum;
 <pT> [GeV/c], <th> [deg], cross-section, stat. err., syst. err.
  
  0.115599997  24.4767551  40.0339012  1.60230005  2.81960011
  0.145999998  24.6429138  51.8843994  1.73529994  2.87400007
  0.180700004  24.4882145  58.0896988  1.48450005  2.60529995
  0.219999999  24.6142654  61.5667  1.51590002  2.3815999
  0.269699991  24.6772919  58.6831017  1.18599999  1.93889999
  0.328399986  24.6314545  53.1990013  1.13510001  1.5812
  0.389099985  24.5512409  41.8534012  0.9921  1.34679997
  0.456999987  24.6429138  31.7215996  0.739000022  1.10769999
  0.545300007  24.7173996  21.3859005  0.52670002  1.0381
  0.654600024  24.6601028  11.7179003  0.338200003  0.843100011
  
  0.115500003  34.73843  27.5454998  1.31589997  1.89880002
  0.145099998  34.7957268  38.3977013  1.47899997  2.06509995
  0.180700004  34.755619  40.4348984  1.24979997  1.79170001
  0.219799995  34.6410294  41.2518997  1.22570002  1.59389997
  0.268999994  34.7327003  43.3083992  1.02310002  1.41890001
  0.328799993  34.8472939  36.3953018  0.940100014  1.07070005
  0.388500005  34.7155113  28.5301991  0.824000001  0.826499999
  0.456800014  34.6238403  19.5953007  0.57889998  0.631099999
  0.545099974  34.8301048  12.5782003  0.404300004  0.548799992
  0.656000018  34.721241  7.16470003  0.259799987  0.460399985
  0.795799971  34.4691391  2.86989999  0.120700002  0.298999995
  
  0.116700001  45.0172958  21.3992996  1.17190003  1.54159999
  0.145699993  44.8969688  25.2439995  1.14629996  1.37520003
  0.179100007  44.7881088  29.5590992  1.07140005  1.33770001
  0.219899997  44.9313507  29.0321007  1.02789998  1.14460003
  0.269899994  44.6620598  26.4438  0.801699996  0.876900017
  0.328900009  44.7193527  23.8785  0.762000024  0.718500018
  0.388000011  44.6792488  18.6439991  0.655499995  0.562600017
  0.456900001  44.7250862  13.1380997  0.478199989  0.4454
  0.544399977  44.4500656  8.66619968  0.328700006  0.367300004
  0.656499982  44.6219521  4.57399988  0.212500006  0.287
  0.788900018  44.874054  1.66429996  0.0874999985  0.159999996
  
  0.145500004  54.8607063  19.2205009  0.994599998  1.13639998
  0.179900005  54.8435173  21.6550999  0.899999976  0.994000018
  0.220200002  54.6830902  22.1973  0.920300007  0.874100029
  0.269300014  54.9065437  20.4799995  0.710699975  0.67869997
  0.328599989  54.6716347  16.7577991  0.624199986  0.514800012
  0.389299989  54.7804909  14.5506001  0.585900009  0.465200007
  0.457800001  54.5971451  8.91730022  0.377299994  0.323599994
  0.544099987  54.5341225  5.77040005  0.268299997  0.344599992
  0.653199971  54.379425  3.27719998  0.177399993  0.2183
  0.790499985  54.5570412  1.37940001  0.0894000009  0.136600003
  1.0158  54.1903458  0.221599996  0.0204000007  0.0346999988
  
  0.145799994  67.2251358  13.4420996  0.659799993  0.799300015
  0.179800004  67.2194061  16.6643009  0.632799983  0.815500021
  0.219899997  66.9443893  15.9139004  0.627300024  0.611599982
  0.26910001  67.1621094  13.8203001  0.466600001  0.446799994
  0.328900009  67.1964874  10.0950003  0.391200006  0.31189999
  0.389600009  66.6636353  7.16550016  0.321799994  0.255699992
  0.457100004  66.8469849  5.45109987  0.239199996  0.227599993
  0.54549998  66.5433121  3.04480004  0.153400004  0.171900004
  0.653100014  66.8928223  1.81949997  0.111500002  0.135900006
  0.785399973  66.4688339  0.648400009  0.0502999984  0.070600003
  1.01789999  65.1223831  0.0851000026  0.00999999978  0.0199999996
  
  0.145199999  82.6033249  11.1697998  0.617500007  0.737900019
  0.180399999  82.1621475  12.0600004  0.520099998  0.581499994
  0.219400004  82.3454895  11.1395998  0.49849999  0.457599998
  0.268599987  82.0360947  8.48359966  0.354699999  0.277500004
  0.329699993  81.6464844  6.08589983  0.295599997  0.224199995
  0.388900012  82.0246353  4.00950003  0.235100001  0.183599994
  0.456800014  81.5376205  3.30170012  0.189999998  0.171299994
  0.54430002  81.6808624  1.70290005  0.119000003  0.116700001
  0.654500008  81.4115677  0.946099997  0.0894000009  0.0834999979
  0.791400015  81.4688721  0.28490001  0.0326999985  0.0361000001
  1.00590003  81.205307  0.0447000004  0.00999999978  0.0199999996
  
  0.145899996  97.4085464  9.44239998  0.550400019  0.655600011
  0.180199996  97.2022858  9.09000015  0.449699998  0.522400022
  0.218899995  97.356987  7.08220005  0.371499985  0.311100006
  0.269300014  97.144989  5.74389982  0.285899997  0.264800012
  0.328099996  96.8699722  3.62330008  0.227500007  0.158899993
  0.388300002  96.5548401  2.63540006  0.189500004  0.146400005
  0.458900005  97.0705109  1.84140003  0.1417  0.137799993
  0.544399977  96.915802  0.857500017  0.0866999999  0.0816999972
  0.648899972  95.8271866  0.578299999  0.0693999976  0.0728999972
  0.796299994  96.8699722  0.126399994  0.0228000004  0.0223999992
  
  0.145400003  114.293617  7.67080021  0.411300004  0.547200024
  0.179399997  114.24778  6.20060015  0.305900007  0.378899992
  0.217700005  114.041512  5.35080004  0.293199986  0.274399996
  0.269400001  113.577423  3.13980007  0.181500003  0.138699993
  0.326900005  113.646179  2.07599998  0.152999997  0.113300003
  0.386999995  111.978867  1.26670003  0.1193  0.101000004
  0.456200004  113.06176  0.68720001  0.069600001  0.0649999976
  0.53609997  112.981544  0.446500003  0.0588999987  0.0568000004
  0.652499974  111.663742  0.0974999964  0.0218000002  0.0199999996
  0.767700016  112.230965  0.0467000008  0.0199999996  0.0199999996
  
  
 Double-differential inclusive cross-section d2sigma/dp/dOmega
 [mb/(GeV/c sr)] of the production of pi-'s in pi- + Be --> pi- + X 
 with -8.0 GeV/c beam momentum;
 <pT> [GeV/c], <th> [deg], cross-section, stat. err., syst. err.
  
  0.1162  24.7575054  62.8825989  2.0158  4.23729992
  0.145199999  24.6429138  85.2713013  2.21140003  4.78310013
  0.180199996  24.6028061  95.3834991  1.92509997  4.17980003
  0.219999999  24.6715622  97.3328018  1.9296  3.65300012
  0.269199997  24.7460461  96.8151016  1.56480002  3.0546999
  0.329400003  24.7804241  83.5735016  1.44700003  2.36249995
  0.388500005  24.7689648  67.9357986  1.29519999  2.0473001
  0.457899988  24.7116699  55.3193016  1.01349998  1.85749996
  0.546700001  24.5168629  34.3370018  0.705900013  1.52579999
  0.653599977  24.3908138  21.2803001  0.50910002  1.26419997
  
  0.115699999  34.8014565  41.7966003  1.60769999  2.89630008
  0.145400003  34.4863281  53.901001  1.72650003  2.87940001
  0.180500001  34.7441597  63.7307014  1.57130003  2.82969999
  0.219799995  34.6696739  67.3327026  1.59089994  2.56870008
  0.268900007  34.5722733  62.2719994  1.22759998  1.98039997
  0.329400003  34.5207062  52.8325996  1.12479997  1.49090004
  0.388099998  34.6925926  43.3813019  1.02900004  1.23459995
  0.457899988  34.6524849  34.4459  0.79400003  1.1243
  0.54549998  34.646759  23.1362991  0.584699988  0.983900011
  0.654500008  34.7613487  12.9098997  0.385800004  0.745599985
  0.798500001  34.8702126  5.4552002  0.201800004  0.438899994
  
  0.115000002  44.8511353  30.8022995  1.3276  2.27979994
  0.145600006  44.9313507  39.5167999  1.43719995  2.1565001
  0.179900005  44.8969688  46.8265991  1.34309995  2.10730004
  0.219600007  44.8224869  47.2741013  1.35090005  1.82710004
  0.269800007  44.7537308  42.0616989  1.00750005  1.3527
  0.3292  44.7021675  34.5915985  0.903800011  0.994300008
  0.389499992  44.9027023  29.9333  0.85799998  0.888000011
  0.457800001  44.7021675  21.1671009  0.609399974  0.730400026
  0.547100008  44.6849785  14.4483995  0.458999991  0.653299987
  0.656499982  44.570385  7.5781002  0.288800001  0.465799987
  0.794200003  44.3984985  3.81640005  0.1743  0.325899988
  
  0.145300001  54.7518463  28.1068001  1.17620003  1.72539997
  0.1796  54.8091431  33.9296989  1.13199997  1.54110003
  0.219899997  54.7804909  31.7710991  1.07659996  1.21319997
  0.268999994  54.6429825  30.9871006  0.874499977  0.991400003
  0.328900009  54.7060089  25.4050999  0.7773  0.748399973
  0.388700008  54.6143341  19.2681007  0.667599976  0.600799978
  0.458099991  54.740387  14.2286997  0.497900009  0.519999981
  0.545799971  54.5513077  9.78499985  0.369399995  0.468699992
  0.653999984  54.6429825  5.3519001  0.241400003  0.341100007
  0.792900026  54.7174683  2.40840006  0.138999999  0.211999997
  1.02279997  54.2361832  0.406800002  0.0353000015  0.0601000004
  
  0.145600006  67.2767029  22.5023994  0.84829998  1.35290003
  0.179800004  67.3339996  26.1620998  0.776199996  1.20029998
  0.219300002  66.9730377  23.9659996  0.748300016  0.869099975
  0.268299997  67.0303268  21.1895008  0.584299982  0.650600016
  0.328999996  66.7839584  16.0674992  0.492799997  0.478799999
  0.388900012  67.0417862  12.2098999  0.436300009  0.406300008
  0.456499994  66.8469849  8.85420036  0.316500008  0.362599999
  0.544799984  66.9443893  5.72779989  0.230399996  0.305700004
  0.655300021  66.8355255  2.6566  0.139699996  0.190200001
  0.793299973  66.3943481  1.1688  0.076700002  0.117200002
  1.00629997  66.4344559  0.103699997  0.0199999996  0.0199999996
  
  0.145799994  82.5632172  17.5869999  0.725099981  1.20790005
  0.179499999  82.4085159  20.6296997  0.690999985  1.02620006
  0.219099998  82.0246353  17.5804005  0.634299994  0.677200019
  0.267699987  81.8355637  14.0116997  0.468600005  0.433699995
  0.327800006  81.8871307  9.7258997  0.386200011  0.335700005
  0.388300002  82.1736069  6.7505002  0.318800002  0.276199996
  0.456900001  81.635025  5.33010006  0.2491  0.273400009
  0.54369998  81.9100418  2.91170001  0.164900005  0.197999999
  0.649900019  81.6235657  1.29840004  0.0979000032  0.118799999
  0.779399991  81.1250916  0.319700003  0.0383000001  0.0410000011
  1.04200006  79.8244781  0.0494000018  0.00999999978  0.0199999996
  
  0.144999996  97.2080154  15.8902998  0.693799973  1.20969999
  0.1796  97.4257431  16.2733002  0.577899992  0.890200019
  0.218500003  97.3111496  13.4443998  0.536499977  0.57160002
  0.267399997  96.7668381  9.30029964  0.383599997  0.314500004
  0.326900005  96.9902954  6.4685998  0.316000015  0.269300014
  0.389400005  96.927269  4.37179995  0.257999986  0.238700002
  0.456200004  96.3772278  2.86660004  0.187900007  0.206499994
  0.544799984  95.907402  1.38059998  0.114699997  0.135000005
  0.654799998  96.319931  0.412299991  0.0542000011  0.0562999994
  0.790099978  96.8413239  0.0832000002  0.0199999996  0.0199999996
  
  0.145500004  114.803551  14.3059998  0.555100024  0.996399999
  0.179199994  114.327995  11.8182001  0.4296  0.616100013
  0.2183  114.305077  8.72970009  0.38530001  0.315100014
  0.267199993  114.0186  5.05800009  0.247099996  0.216100007
  0.328799993  113.938385  3.10100007  0.194700003  0.1831
  0.388999999  113.46283  1.98740005  0.149399996  0.157700002
  0.453999996  111.91584  0.82249999  0.0834999979  0.0838000029
  0.540700018  112.391396  0.256999999  0.0401999988  0.0350000001
  0.646000028  110.030815  0.0851000026  0.0229000002  0.0199999996
  
  
